50

1 23
0
0
0
0
0
0
0
0
0
2 1 1
2 1 1
2 1 1
2 1 1
2 1 1
2 1 1
2 1 1
2 1 1
2 1 1
2 1 1
2 1 1
0
0
0

1 42
2 1 1
2 1 1
2 1 1
0
0
0
0
0
0
0
0
0
0
0
0
0
0
0
0
0
0
0
0
0
0
0
0
0
0
0
0
0
0
0
0
0
0
0
0
0
0
0

1 21
0
2 1 1
0
0
0
0
0
0
0
0
0
2 1 1
2 1 1
0
0
0
0
0
0
0
0

1 8
0
0
0
2 1 1
2 1 1
0
0
0

1 30
0
0
0
0
0
0
0
0
0
0
0
0
0
2 1 1
2 1 1
2 1 1
0
0
0
0
0
0
0
0
0
0
0
0
0
0

1 22
0
0
0
0
0
0
0
0
0
2 1 1
2 1 1
2 1 1
0
0
0
0
0
0
0
0
0
0

1 17
0
0
0
0
0
0
0
0
0
0
0
0
0
0
2 1 1
0
0

1 45
0
0
0
0
0
0
0
0
0
0
0
0
0
0
0
0
0
0
0
0
0
0
0
0
0
0
0
0
0
0
0
0
0
0
0
0
0
0
0
0
0
0
0
0
0

1 27
0
0
0
0
0
0
0
2 1 1
2 1 1
2 1 1
2 1 1
2 1 1
2 1 1
2 1 1
2 1 1
2 1 1
2 1 1
2 1 1
0
0
0
0
0
0
0
0
0

1 24
0
0
0
0
0
0
0
0
0
0
0
0
0
0
0
0
0
0
0
0
0
0
0
0

1 43
0
0
0
0
0
0
0
0
0
0
0
0
0
0
0
0
0
0
0
0
0
0
0
0
0
0
0
0
0
0
0
0
0
0
0
0
0
0
0
0
0
0
0

1 1
2 1 1

1 46
0
0
0
0
0
0
0
0
0
0
0
0
2 1 1
2 1 1
2 1 1
2 1 1
2 1 1
2 1 1
2 1 1
2 1 1
2 1 1
2 1 1
2 1 1
2 1 1
2 1 1
2 1 1
2 1 1
2 1 1
2 1 1
2 1 1
2 1 1
2 1 1
2 1 1
2 1 1
2 1 1
2 1 1
2 1 1
2 1 1
2 1 1
2 1 1
2 1 1
0
0
0
0
0

1 32
0
0
0
0
0
0
0
0
0
0
0
2 1 1
2 1 1
2 1 1
2 1 1
2 1 1
2 1 1
2 1 1
2 1 1
2 1 1
2 1 1
2 1 1
2 1 1
2 1 1
2 1 1
0
0
0
0
0
0
0

1 20
0
0
0
0
0
0
0
0
2 1 1
2 1 1
0
0
0
0
0
0
0
0
0
0

1 30
0
0
0
0
0
0
0
0
0
2 1 1
2 1 1
2 1 1
2 1 1
2 1 1
2 1 1
2 1 1
2 1 1
2 1 1
2 1 1
2 1 1
0
0
0
0
0
0
0
0
0
0

1 49
0
0
0
0
0
0
0
0
0
0
0
0
0
0
0
2 1 1
2 1 1
2 1 1
2 1 1
2 1 1
2 1 1
2 1 1
2 1 1
2 1 1
2 1 1
2 1 1
2 1 1
2 1 1
2 1 1
2 1 1
2 1 1
2 1 1
2 1 1
2 1 1
2 1 1
2 1 1
2 1 1
2 1 1
2 1 1
2 1 1
0
0
0
0
0
0
0
0
0

1 29
0
0
0
0
0
0
0
0
0
0
0
0
0
0
0
0
0
2 1 1
2 1 1
2 1 1
2 1 1
2 1 1
2 1 1
2 1 1
2 1 1
0
0
0
0

1 31
0
0
0
0
2 1 1
2 1 1
2 1 1
2 1 1
2 1 1
2 1 1
2 1 1
2 1 1
2 1 1
2 1 1
2 1 1
2 1 1
2 1 1
2 1 1
2 1 1
2 1 1
0
2 1 1
2 1 1
2 1 1
2 1 1
2 1 1
2 1 1
2 1 1
2 1 1
2 1 1
2 1 1

1 45
0
0
0
0
0
0
0
0
0
0
0
0
0
0
0
0
0
0
0
0
0
0
0
0
0
0
0
0
0
0
0
0
0
0
2 1 1
2 1 1
2 1 1
0
0
0
0
0
0
0
0

1 10
0
0
0
2 1 1
2 1 1
2 1 1
2 1 1
2 1 1
2 1 1
0

1 33
0
0
2 1 1
2 1 1
2 1 1
2 1 1
0
0
0
0
0
0
0
0
0
0
0
0
0
0
0
0
0
0
0
0
0
0
0
0
0
0
0

1 1
0

1 48
0
0
2 1 1
2 1 1
2 1 1
2 1 1
2 1 1
2 1 1
2 1 1
2 1 1
2 1 1
0
0
0
0
0
0
0
0
0
0
0
0
0
0
2 1 1
2 1 1
2 1 1
2 1 1
2 1 1
2 1 1
2 1 1
2 1 1
2 1 1
2 1 1
2 1 1
2 1 1
2 1 1
2 1 1
2 1 1
0
0
0
0
0
0
0
0

1 33
0
0
0
0
0
0
0
0
0
0
0
0
0
0
0
0
0
0
0
0
0
0
0
0
0
0
0
0
2 1 1
2 1 1
2 1 1
2 1 1
2 1 1

1 33
0
0
0
0
0
0
0
0
2 1 1
2 1 1
2 1 1
2 1 1
2 1 1
2 1 1
2 1 1
2 1 1
2 1 1
2 1 1
2 1 1
2 1 1
2 1 1
2 1 1
2 1 1
2 1 1
2 1 1
2 1 1
2 1 1
0
0
0
0
0
0

1 17
0
0
0
0
0
0
0
0
0
0
0
0
0
2 1 1
2 1 1
2 1 1
0

1 30
0
0
0
0
2 1 1
2 1 1
2 1 1
2 1 1
2 1 1
2 1 1
2 1 1
2 1 1
2 1 1
2 1 1
2 1 1
2 1 1
2 1 1
2 1 1
2 1 1
0
0
0
0
0
0
0
0
0
0
0

1 16
0
0
0
0
0
0
0
0
0
0
0
0
0
0
0
0

1 5
2 1 1
2 1 1
0
0
0

1 45
0
0
0
0
0
0
0
0
0
0
0
0
0
0
0
0
0
0
0
0
0
0
2 1 1
2 1 1
2 1 1
2 1 1
2 1 1
2 1 1
0
0
0
0
0
0
0
0
2 1 1
2 1 1
2 1 1
2 1 1
2 1 1
2 1 1
0
0
0

1 19
0
0
0
0
0
0
0
0
0
0
0
0
0
0
0
0
0
0
0

1 3
0
0
2 1 1

1 42
0
2 1 1
2 1 1
2 1 1
2 1 1
2 1 1
2 1 1
2 1 1
2 1 1
2 1 1
2 1 1
2 1 1
2 1 1
2 1 1
2 1 1
2 1 1
2 1 1
2 1 1
2 1 1
2 1 1
2 1 1
2 1 1
2 1 1
2 1 1
0
0
0
0
0
0
0
0
0
0
0
0
0
0
0
0
0
0

1 25
0
0
0
0
0
0
0
0
0
0
0
0
2 1 1
2 1 1
2 1 1
2 1 1
2 1 1
0
0
0
0
0
0
0
0

1 34
2 1 1
2 1 1
2 1 1
0
0
0
0
0
0
0
0
0
0
0
0
0
0
0
0
0
0
0
0
0
0
0
0
0
2 1 1
2 1 1
2 1 1
2 1 1
2 1 1
2 1 1

1 29
0
0
0
0
0
0
0
0
2 1 1
2 1 1
2 1 1
2 1 1
2 1 1
2 1 1
0
0
0
0
0
0
0
0
0
0
0
0
0
0
0

1 21
0
0
0
0
0
0
0
0
2 1 1
2 1 1
2 1 1
2 1 1
2 1 1
2 1 1
2 1 1
2 1 1
2 1 1
2 1 1
2 1 1
0
0

1 46
0
0
0
0
0
0
0
0
0
2 1 1
2 1 1
2 1 1
2 1 1
2 1 1
2 1 1
2 1 1
2 1 1
2 1 1
2 1 1
0
0
0
0
0
0
0
0
0
0
0
0
0
0
0
0
0
0
0
0
0
0
0
0
0
0
0

1 26
0
0
0
0
0
0
0
0
0
0
0
2 1 1
2 1 1
2 1 1
2 1 1
2 1 1
2 1 1
2 1 1
2 1 1
2 1 1
2 1 1
2 1 1
0
0
0
0

1 32
0
0
0
0
0
0
0
0
0
0
0
0
0
0
0
0
2 1 1
2 1 1
2 1 1
2 1 1
2 1 1
2 1 1
2 1 1
2 1 1
2 1 1
0
0
2 1 1
2 1 1
2 1 1
2 1 1
0

1 50
0
0
0
0
0
0
0
0
0
0
0
0
0
0
0
0
0
0
0
0
0
0
0
0
0
0
0
0
0
0
0
0
0
0
2 1 1
0
0
0
0
0
0
0
0
0
0
0
2 1 1
2 1 1
0
0

1 19
0
2 1 1
2 1 1
2 1 1
2 1 1
2 1 1
2 1 1
2 1 1
2 1 1
2 1 1
2 1 1
2 1 1
0
0
0
0
0
0
0

1 38
0
0
0
0
0
0
0
0
0
0
0
0
0
0
0
0
0
0
0
0
0
0
0
0
0
0
0
0
0
0
0
0
0
0
0
0
0
0

1 2
2 1 1
2 1 1

1 1
2 1 1

1 24
0
0
0
0
0
0
0
0
0
0
2 1 1
2 1 1
2 1 1
2 1 1
2 1 1
2 1 1
2 1 1
2 1 1
2 1 1
2 1 1
2 1 1
2 1 1
2 1 1
2 1 1

1 39
0
0
0
0
0
0
0
0
0
0
0
0
0
0
0
0
0
0
0
0
0
0
0
0
0
0
0
0
0
0
0
0
0
0
0
0
0
0
0

1 13
0
0
0
0
0
0
2 1 1
2 1 1
2 1 1
0
0
0
0

1 18
2 1 1
2 1 1
2 1 1
2 1 1
2 1 1
0
0
2 1 1
2 1 1
2 1 1
2 1 1
2 1 1
2 1 1
2 1 1
2 1 1
2 1 1
2 1 1
2 1 1